Randm shuffling ->
[2.5752037353515624, 2.4182821960449217, 2.420411560058594, 2.4137814025878908, 2.4172557373046875, 2.420600372314453, 2.422471954345703, 2.3194577331542967, 2.259747253417969, 2.2402386474609375, 2.2070819396972654, 2.185875732421875, 2.158317413330078, 2.159186676025391, 2.138271453857422, 2.1390020751953127, 2.1358439178466795, 2.1366087341308595, 2.130188201904297, 2.132571533203125, 2.1352467346191406, 2.1205313720703125, 2.135441101074219, 2.1277949981689455, 2.1246641235351564, 2.140750701904297, 2.1367749633789064, 2.1251104736328124, 2.1221001586914063, 2.1374310760498045, 2.1425413818359376, 2.1428062896728517, 2.1411285858154296, 2.144732727050781, 2.144240768432617, 2.14016162109375, 2.1455270080566406, 2.1395943145751954, 2.139461196899414, 2.138311111450195, 2.155893981933594, 2.1414710845947265, 2.140097122192383, 2.14462646484375, 2.152220916748047, 2.1602762603759764, 2.1540025482177736, 2.150902893066406, 2.1587654571533204, 2.1469403076171876]
[1, 2, 3, 4, 5, 6, 7, 8, 9, 10, 11, 12, 13, 14, 15, 16, 17, 18, 19, 20, 21, 22, 23, 24, 25, 26, 27, 28, 29, 30, 31, 32, 33, 34, 35, 36, 37, 38, 39, 40, 41, 42, 43, 44, 45, 46, 47, 48, 49, 50]





[3.084778746366501, 3.013538889288902, 3.019445441365242, 2.977444141507149, 2.9283422487974167, 2.9379413801431657, 2.8955683881044387, 2.8686501026153564, 2.8423290330171587, 2.8957776641845703, 2.875716471672058, 2.8313733476400373, 2.872913915514946, 2.870186008810997, 2.847979108095169, 2.8386807590723038, 2.8638563102483747, 2.844961078763008, 2.8773109394311907, 2.8643334859609606, 2.914017822742462, 2.823433626294136, 2.844359072446823, 2.8761375308036805, 2.8427910834550856]
[2.6897340087890624, 2.727462493896484, 2.7793043212890627, 2.739940185546875, 2.7645061645507814, 2.752933074951172, 2.7593277282714843, 2.755693634033203, 2.7456818237304685, 2.756081481933594, 2.742873016357422, 2.7134876708984375, 2.725139404296875, 2.709268524169922, 2.7067637634277344, 2.700917694091797, 2.699269012451172, 2.6831798095703125, 2.678803894042969, 2.6826510009765623, 2.7026169128417967, 2.6837249450683593, 2.6772149353027346, 2.6902597961425783, 2.7193741760253904]
[1, 2, 3, 4, 5, 6, 7, 8, 9, 10, 11, 12, 13, 14, 15, 16, 17, 18, 19, 20, 21, 22, 23, 24, 25]


[2.7449608558416365, 2.520275109410286, 2.4346293890476227, 2.4174956050515175, 2.372339386343956, 2.350297417640686, 2.310734770298004, 2.2824729186296464, 2.281678604185581, 2.2688981011509894, 2.2632894405722617, 2.2317155703902243, 2.2505541655421255, 2.22971290320158, 2.2506598743796347, 2.204975939691067, 2.200491063296795, 2.1893155851960184, 2.191866362094879, 2.161506761610508, 2.146568686962128, 2.136268028616905, 2.1263642182946203, 2.1198288697004317, 2.0974449220299722]
[2.356207458496094, 2.30427880859375, 2.275237731933594, 2.2726441345214843, 2.2944922790527342, 2.25097314453125, 2.265269561767578, 2.236631408691406, 2.230264892578125, 2.238769927978516, 2.2064089965820313, 2.2161783142089844, 2.2177136840820313, 2.178803680419922, 2.2011395263671876, 2.1932994995117188, 2.1795138244628904, 2.183425079345703, 2.1749070739746093, 2.165938049316406, 2.161415863037109, 2.1605912475585938, 2.1340484313964843, 2.1273183135986327, 2.1248975830078125]
[1, 2, 3, 4, 5, 6, 7, 8, 9, 10, 11, 12, 13, 14, 15, 16, 17, 18, 19, 20, 21, 22, 23, 24, 25]



